91.7869190280975
91.30998369086622
91.30998369086622
92.02460329438522
91.62710495320397
91.62710495320397
92.34167232990112
92.34167232990112
92.18238052322619
92.18238052322619
93.29428956063902
94.24727237912995
92.97612376186405
93.77033704189867
95.51789872817723
96.4708293198463
97.42381213833724
96.15266352107133
97.90012075370619
96.84090857955073
98.69402067280964
99.32930773392235
99.32930773392235
99.17001592724742
99.17001592724742
100.28192496466025
99.80488517378525
99.80488517378525
100.91679421119808
101.86972480286715
101.86972480286715
102.82270762135808
101.55155900409218
104.09333397040537
105.0463167888963
103.77516817163041
106.31699536476545
105.04584674749955
106.95217797223444
105.68102935496854
107.26945591503778
106.79283393873766
107.74576453040672
108.85767356781955
108.85767356781955
108.69838176114463
109.09541006092914
109.81029079855746
110.76296025611722
110.76296025611722
109.57140531536695
111.23926887148617
110.4447422305204
111.71542080638955
114.2572479995246
112.9860993822587
114.89243060699357
113.62128198972769
115.527456533997
117.27491376663184
116.00376514936595
119.02216209197924
117.43331771733513
119.97509268364831
120.92807550213925
119.65692688487336
121.56320588278638
122.51613647445544
121.56278806821149
123.46906706612451
122.03909668358045
123.15090126734954
124.42173652368427
123.78624055528412
125.05691913115328
124.57998379392198
125.6920495118004
125.6920495118004
125.21500972092541
125.69147501675994
126.96210136580723
126.96210136580723
126.16762695166331
126.64393556703226
127.19983785891682
127.91471859654513
127.43767880567012
127.83470710545464
128.54958784308295
129.50225730064273
129.50225730064273
128.31070235989245
130.13743990811173
129.02516528294586
129.5810675748304
131.40780512304968
130.2162501822994
132.0429877305187
132.6781703379877
131.4866153972374
132.2012350007564
133.31330071863482
132.99513491985985
132.99513491985985
134.26591794937272
134.26591794937272
133.94775215059775
134.50365444248231
135.21853518011062
134.90036938133565
136.17120463767037
135.53570866927024
136.80638724513938
137.44156985260838
136.2500149118581
138.07675246007736
136.88519751932705
137.52038012679606
139.34711767501534
138.15556273426506
139.98230028248435
138.79074534173404
139.42592794920304
141.25266549742233
140.06111055667202
141.8878481048913
142.5230307123603
141.33147577161003
142.04609537512903
143.15816109300744
142.68112130213245
142.68112130213245
143.79303033954528
143.79303033954528
143.79261252497037
144.42789958608307
144.42789958608307
145.0628210594428
145.0628210594428
144.42732509104263
144.74460303384598
144.74460303384598
145.37989009495868
145.37989009495868
145.22059828828372
145.69701135729642
145.69701135729642
145.5377195506215
145.5377195506215
146.01413261963418
146.0137148050593
146.0137148050593
146.649001866172
146.649001866172
147.2839233395317
146.64842737113153
146.64842737113153
146.96570531393485
147.60099237504758
147.60099237504758
148.23591384840728
148.23591384840728
147.67985487605714
147.67985487605714
148.55303511074501
147.99697613839487
147.99697613839487
148.87015637308278
148.87015637308278
148.31409740073263
149.18727763542051
149.18727763542051
148.6312186630704
148.6312186630704
149.50439889775828
148.94833992540813
148.94833992540813
149.82152016009601
149.82152016009601
149.26546118774587
150.13864142243375
150.13864142243375
149.58258245008363
149.82042339683693
149.82042339683693
150.45571045794966
150.45571045794966
150.77288394710928
150.21682497475913
151.4080143277564
151.4080143277564
150.77225722524693
150.77225722524693
151.48687682876596
152.67811840858508
152.67811840858508
152.2011830713538
153.3132487892322
152.99508299045726
152.99508299045726
154.26586601997013
153.78882622909512
153.78882622909512
154.90073526650795
154.90073526650795
154.90031745193306
155.53560451304577
155.53560451304577
155.53518669847088
155.53518669847088
156.17047375958361
156.17047375958361
156.80539523294328
156.16989926454315
156.48717720734646
156.48717720734646
157.12246426845917
157.12246426845917
157.75738574181887
157.75738574181887
157.20132676946872
157.20132676946872
157.75675901995655
157.28013704365642
157.28013704365642
158.07388028229428
157.59725830599416
157.59725830599416
158.07325356043197
158.07325356043197
157.59663158413184
158.07262683856965
158.07262683856965
157.59600486226952
157.59600486226952
158.0720001167073
157.5953781404072
157.5953781404072
157.59490809901044
158.07132116802313
158.07132116802313
157.75315536924816
157.75315536924816
158.38844243036087
158.0702766315859
158.0702766315859
158.70556369269863
158.70556369269863
158.70514587812374
159.34043293923645
159.34043293923645
159.18114113256152
159.18114113256152
160.29305016997435
159.81601037909934
159.81601037909934
160.3719126709839
161.56310202398117
161.56310202398117
160.92734492147173
161.56268420940629
162.19797127051902
162.19797127051902
162.03867946384406
162.4357077636286
163.1505885012569
162.6735487103819
163.0705770101664
163.78545774779474
163.30841795691973
163.30841795691973
163.78488325275427
163.78488325275427
164.73750048349217
164.18144151114205
164.18144151114205
165.05462174582993
165.05462174582993
164.4985627734798
165.37174300816767
165.37174300816767
164.81568403581753
164.8946509904708
164.8946509904708
165.3710640594835
165.3710640594835
165.6882375486431
165.6882375486431
165.21161557234296
165.68761082678077
165.68761082678077
165.21098885048065
165.21098885048065
166.00473208911853
165.5281101128184
165.5281101128184
166.0041053672562
166.0041053672562
165.5274833909561
165.52701334955933
165.52701334955933
166.00342641857202
166.00342641857202
166.3205999077316
165.84397793143148
165.84350789003474
165.84350789003474
166.31992095904744
166.31992095904744
166.1606291523725
166.1606291523725
166.63704222138517
166.63662440681028
166.63662440681028
167.27191146792302
166.794871677048
166.794871677048
167.19189997683253
167.90678071446084
167.42974092358583
167.82676922337035
168.54164996099865
168.38235815432375
168.38235815432375
169.49426719173658
169.49384937716167
169.01722740086157
170.1291364382744
170.1291364382744
170.1287186236995
170.76400568481222
170.76400568481222
170.76358787023736
170.76358787023736
171.39887493135006
171.23958312467514
171.23958312467514
171.7159961936878
171.7159961936878
171.55670438701287
172.03311745602554
172.03311745602554
172.35029094518518
172.35029094518518
171.87366896888506
171.8731989274883
171.8731989274883
172.40256999386764
172.40256999386764
172.6667854856606
172.19016350936047
172.19016350936047
172.98390674799833
172.98390674799833
172.4278477756482
172.98328002613601
172.98328002613601
172.5066580498359
172.50618800843915
172.50618800843915
173.0355590748185
173.0355590748185
173.29977456661143
173.29977456661143
172.8231525903113
173.61689582894917
173.61689582894917
173.14027385264907
173.14027385264907
173.93401709128693
173.3779581189368
173.3779581189368
174.2511383536247
174.2511383536247
173.69507938127455
174.56825961596243
174.56825961596243
174.0122006436123
174.0122006436123
174.88538087830017
174.32932190595005
174.56716285270335
174.56716285270335
175.20244991381608
175.20244991381608
175.83737138717578
175.83737138717578
175.20187541877561
176.15449264951351
176.15449264951351
175.59843367716337
175.59843367716337
176.47161391185125
175.91555493950113
175.91555493950113
175.9945218941544
176.52389296053374
176.52389296053374
176.52389296053374
176.7881084523267
176.31148647602657
176.31148647602657
177.10522971466443
176.5491707423143
176.5491707423143
177.1046029928021
177.1046029928021
176.627981016502
176.62751097510525
176.62751097510525
177.10392404411792
177.10392404411792
177.42109753327753
176.9444755569774
176.9444755569774
177.7382187956153
177.7382187956153
177.18215982326515
178.05534005795303
178.05534005795303
177.4992810856029
177.57824804025617
177.57824804025617
178.05466110926884
178.05466110926884
177.8953693025939
178.3717823716066
178.3717823716066
178.6889558607662
178.6889558607662
178.2123338844661
179.00607712310395
179.00607712310395
178.52945514680383
178.52945514680383
179.3231983854417
178.76713941309157
178.76713941309157
179.64031964777945
179.64031964777945
179.0842606754293
179.32210162218263
179.32210162218263
179.95738868329533
179.7980968766204
179.7980968766204
180.2745099456331
180.2745099456331
180.2740921310582
180.90937919217092
180.90937919217092
180.90896137759603
180.90896137759603
181.54424843870873
181.2260826399338
181.2260826399338
181.8613697010465
181.8613697010465
182.4962911744062
182.4962911744062
181.94023220205605
182.17807314880937
182.17807314880937
182.81336020992208
182.65406840324715
182.65406840324715
183.13048147225982
183.13048147225982
182.97118966558492
183.44760273459758
183.44760273459758
183.7647762237572
183.7647762237572
183.28815424745707
184.08189748609493
184.08189748609493
183.6052755097948
183.6052755097948
184.3990187484327
183.84295977608255
183.84295977608255
184.71614001077043
184.71614001077043
184.16008103842032
184.23904799307357
184.23904799307357
184.71546106208626
184.55616925541133
184.55616925541133
185.032582324424
185.032582324424
185.3497558135836
185.3497558135836
184.79369684123347
185.66687707592138
185.66687707592138
185.11081810357123
185.11081810357123
185.9839983382591
185.42793936590897
185.42793936590897
186.30111960059685
186.30111960059685
185.74506062824673
185.8240275829
185.8240275829
186.35339864927937
186.14114884523775
186.14114884523775
186.61756191425042
186.61756191425042
186.93473540341003
186.45811342710994
186.45811342710994
186.45764338571317
186.45764338571317
186.93405645472586
186.93405645472586
187.25122994388545
186.77460796758535
186.77460796758535
187.25060322202313
186.773981245723
186.773981245723
186.77351120432627
187.24992427333893
187.24992427333893
187.24992427333893
187.56709776249855
187.09047578619843
187.09047578619843
187.56647104063623
187.0898490643361
187.0898490643361
187.5658443187739
187.5658443187739
187.0892223424738
187.56521759691157
187.56521759691157
187.08859562061144
187.08859562061144
187.56459087504925
187.08796889874912
187.08796889874912
187.56396415318693
187.56396415318693
187.0873421768868
187.56333743132458
187.56333743132458
187.08671545502446
187.08671545502446
187.56271070946227
187.08608873316214
187.08608873316214
187.56208398759992
187.56208398759992
187.08546201129982
187.5614572657376
187.5614572657376
187.08483528943748
187.56083054387528
187.56083054387528
187.08420856757516
187.08420856757516
187.56020382201297
187.08358184571284
187.08358184571284
187.55957710015062
187.55957710015062
187.0829551238505
187.5589503782883
187.5589503782883
187.08232840198818
187.08232840198818
187.2405756722259
186.76395369592578
186.76395369592578
187.0810749582635
187.0810749582635
186.60445298196342
186.92157424430115
186.92157424430115
186.365515271951
186.365515271951
186.60319953823875
186.12657756193863
186.12657756193863
186.4436988242764
186.4436988242764
185.88763985192625
186.125324118214
186.125324118214
185.56926514586385
185.56926514586385
185.9658234042516
185.40976443190146
185.40976443190146
185.6474486981892
185.6474486981892
185.17082672188909
185.48794798422685
185.48794798422685
185.01132600792673
185.32844727026446
185.32844727026446
184.85182529396437
184.85182529396437
185.32782054840214
184.85119857210202
184.85119857210202
185.32719382653983
185.32719382653983
184.8505718502397
185.3265671046775
185.3265671046775
184.77050813232736
184.77050813232736
185.00819239861508
184.53157042231499
184.53157042231499
185.00756567675276
185.00756567675276
184.53094370045264
185.00693895489044
185.00693895489044
184.53031697859032
184.53031697859032
185.0063122330281
184.52969025672797
184.52969025672797
185.00568551116578
185.00568551116578
184.52906353486566
185.00505878930346
185.00505878930346
184.52843681300334
184.52843681300334
185.00443206744112
184.52781009114102
184.52781009114102
184.84493135347876
184.84493135347876
184.2888723811286
184.6854306395164
184.6854306395164
184.12937166716625
184.12937166716625
184.367055933454
183.81099696110385
183.81099696110385
184.04868122739157
183.49262225504145
183.49262225504145
183.73030652132917
183.73030652132917
183.25368454502905
183.41193181526677
183.41193181526677
182.93530983896665
182.93530983896665
183.2524311013044
182.7758091250043
182.7758091250043
183.09293038734205
183.09293038734205
182.61630841104193
183.0923036654797
183.0923036654797
182.53624469312956
182.53624469312956
182.7739289594173
182.29730698311718
182.29730698311718
182.773302237555
182.773302237555
182.29668026125486
182.77267551569264
182.77267551569264
182.21661654334252
182.21661654334252
182.45430080963024
181.97767883333012
181.97767883333012
182.45367408776792
182.45367408776792
181.9770521114678
182.45304736590558
182.45304736590558
181.97642538960548
181.97642538960548
182.45242064404326
181.97579866774313
181.97579866774313
182.13404593798086
182.13404593798086
181.65742396168073
182.1334192161185
182.1334192161185
181.65679723981842
182.1327924942562
182.1327924942562
181.57673352190608
181.57673352190608
181.8144177881938
181.33779581189367
181.33779581189367
181.81379106633148
181.81379106633148
181.25773209398133
181.49541636026908
181.49541636026908
181.01879438396895
181.01879438396895
181.49478963840673
180.93873066605659
180.93873066605659
181.17641493234433
181.17641493234433
180.6997929560442
181.175788210482
181.175788210482
180.6991662341819
180.6991662341819
181.01628749651962
180.4602285241695
180.4602285241695
180.85678678255726
180.85678678255726
180.38016480625714
180.85616006069495
180.85616006069495
180.37953808439482
180.37953808439482
180.8555333388326
180.3789113625325
180.3789113625325
180.85490661697028
180.85490661697028
180.37828464067016
180.85427989510796
180.85427989510796
180.2187839267078
180.2187839267078
180.85365317324562
180.21815720484548
180.21815720484548
180.53527846718322
180.0586564908831
180.0586564908831
180.5346517453209
180.5346517453209
180.05802976902078
180.53402502345858
180.53402502345858
180.05740304715846
180.05740304715846
180.53339830159624
180.05677632529614
180.05677632529614
180.37389758763388
180.37389758763388
179.81783861528373
180.21439687367152
180.21439687367152
179.7377748973714
179.7377748973714
180.05489615970913
179.57827418340904
179.57827418340904
179.89539544574677
179.89539544574677
179.41877346944665
179.7358947317844
179.7358947317844
179.17983575943427
179.17983575943427
179.57639401782205
179.09977204152193
179.09977204152193
179.25801931175965
179.25801931175965
178.78139733545953
179.2573925898973
179.2573925898973
178.78077061359718
178.78077061359718
179.256765868035
178.78014389173487
178.78014389173487
178.9383911619726
178.9383911619726
178.46176918567247
178.93776444011024
178.93776444011024
178.46114246381012
179.254885702448
179.254885702448
178.69882673009786
178.69882673009786
179.25425898058566
178.77763700428557
178.77763700428557
179.25363225872334
179.25363225872334
178.77701028242322
179.25300553686102
179.25300553686102
178.7763835605609
178.7763835605609
179.09350482289864
178.61688284659854
178.61688284659854
178.93400410893628
178.93400410893628
178.45738213263616
178.77450339497392
178.77450339497392
178.21844442262378
178.21844442262378
178.45612868891152
177.9795067126114
177.9795067126114
178.29662797494916
178.29662797494916
177.82000599864904
178.13712726098677
178.13712726098677
177.58106828863663
177.58106828863663
177.9776265470244
177.5010045707243
177.5010045707243
177.9769998251621
177.9769998251621
177.50037784886197
177.97637310329975
177.97637310329975
177.49975112699963
177.97574638143743
177.97574638143743
177.4991244051373
177.4991244051373
177.9751196595751
177.498497683275
177.498497683275
177.9744929377128
177.9744929377128
177.49787096141267
178.29161420005053
178.29161420005053
177.7355552277004
177.7355552277004
178.29098747818819
177.8143655018881
177.8143655018881
178.29036075632587
178.29036075632587
177.81373878002574
178.28973403446355
178.28973403446355
177.7336750621134
177.7336750621134
177.97135932840115
177.49473735210103
177.49473735210103
177.97073260653883
177.97073260653883
102.50558635902034
102.50558635902034
177.6523579004764
102.50495963715801
102.50495963715801
177.49285718651404
176.9367982141639
102.50433291529568
177.17448248045164
177.17448248045164
102.50370619343336
176.53835979018913
176.53835979018913
102.50307947157103
102.50307947157103
176.21998508412673
102.97907472600882
102.5024527497087
175.7427363859643
175.18667741361418
102.50182602784638
175.26548768780185
175.26548768780185
102.50119930598404
102.50119930598404
174.94711298173945
102.97719456042184
102.50057258412171
174.7876122677771
174.31099029147697
102.4999458622594
174.78698554591477
174.78698554591477
102.49931914039706
102.49931914039706
174.6274848319524
102.97531439483485
102.49869241853473
174.46798411799003
173.9913621416899
102.49806569667241
174.46735739612768
174.46735739612768
102.49743897481008
102.49743897481008
174.46673067426536
102.97343422924787
102.49681225294775
174.46610395240305
173.98948197610292
102.49618553108543
174.3066032384407
174.3066032384407
102.4955588092231
102.4955588092231
174.14710252447833
102.49493208736077
102.49493208736077
174.14647580261598
102.97092734179857
102.49430536549845
174.14584908075366
174.14584908075366
102.49367864363612
173.82747437469123
173.82747437469123
102.49305192177378
102.49305192177378
173.82684765282892
102.96904717621159
102.49242519991147
173.8262209309666
173.34959895466648
102.49179847804913
173.82559420910428
173.82559420910428
102.4911717561868
102.4911717561868
102.96732369109019
173.3483455109418
173.3483455109418
173.82434076537962
173.3477187890795
173.3477187890795
173.82371404351727
173.82371404351727
173.34709206721718
173.82308732165495
173.82308732165495
173.34646534535483
173.34646534535483
173.82246059979263
173.3458386234925
173.3458386234925
173.8218338779303
173.8218338779303
173.3452119016302
173.82120715606797
173.82120715606797
173.34458517976785
173.34458517976785
173.82058043420565
173.34395845790553
173.34395845790553
173.8199537123433
173.8199537123433
173.34333173604318
173.819326990481
173.819326990481
173.34270501418086
173.34270501418086
173.81870026861867
173.34207829231855
173.34207829231855
173.6591995546563
173.10314058230617
173.10314058230617
173.49969884069392
173.49969884069392
173.02307686439383
173.4990721188316
173.4990721188316
172.94301314648146
172.94301314648146
173.49844539696926
172.86294942856912
172.86294942856912
173.18007069090686
173.18007069090686
172.70344871460676
173.17944396904454
173.17944396904454
172.70282199274442
172.70282199274442
173.17881724718222
172.7021952708821
172.7021952708821
173.1781905253199
173.1781905253199
172.62213155296976
172.85981581925748
172.85981581925748
172.38319384295738
172.38319384295738
172.85918909739516
172.30313012504502
172.30313012504502
172.54081439133276
172.54081439133276
172.06419241503264
172.38131367737037
172.38131367737037
171.90469170107025
171.90469170107025
172.221812963408
171.7451909871079
171.7451909871079
172.2211862415457
172.2211862415457
171.74456426524557
172.06168552758334
172.06168552758334
171.5056265552332
171.90218481362095
171.90218481362095
171.42556283732085
171.42556283732085
171.90155809175863
171.4249361154585
171.4249361154585
172.21867935409637
172.21867935409637
171.66262038174625
172.21805263223405
172.21805263223405
171.74143065593393
171.74143065593393
172.21742591037173
171.7408039340716
171.7408039340716
172.2167991885094
172.2167991885094
171.7401772122093
172.21617246664707
172.21617246664707
171.73955049034694
171.73955049034694
172.21554574478475
171.73892376848463
171.73892376848463
171.7384537270879
172.21486679610055
172.21486679610055
172.53204028526017
172.53204028526017
172.05541830896004
172.05541830896004
172.53141356339785
172.05479158709772
172.05479158709772
172.5307868415355
172.5307868415355
172.0541648652354
172.53016011967318
172.53016011967318
172.05353814337306
172.52953339781084
172.52953339781084
172.05291142151074
172.05291142151074
172.52890667594852
172.0522846996484
172.0522846996484
172.5282799540862
172.5282799540862
172.05165797778608
172.52765323222388
172.52765323222388
172.05103125592376
172.05103125592376
172.52702651036154
172.05040453406144
172.05040453406144
172.52639978849922
172.52639978849922
172.0497778121991
172.52577306663687
172.52577306663687
172.04915109033678
172.04915109033678
172.3662723526745
171.8102133803244
171.8102133803244
172.20677163871215
172.20677163871215
171.73014966241203
172.20614491684984
172.20614491684984
171.7295229405497
171.7295229405497
172.20551819498752
171.7288962186874
171.7288962186874
172.04601748102513
172.04601748102513
171.489958508675
171.72764277496273
171.72764277496273
171.2510207986626
171.2510207986626
171.56814206100037
171.01208308865023
171.01208308865023
171.24976735493794
170.69370838258783
170.69370838258783
170.7725186567755
170.7725186567755
170.29589668047538
170.61301794281314
170.61301794281314
170.05695897046303
170.05695897046303
170.29464323675074
169.81802126045062
169.81802126045062
170.13514252278839
170.13514252278839
169.57908355043824
169.97564180882603
169.97564180882603
169.4990198325259
169.4990198325259
169.97501508696368
169.49839311066356
169.49839311066356
169.81551437300132
169.81551437300132
169.25945540065118
169.65601365903893
169.65601365903893
169.17939168273884
169.17939168273884
169.65538693717662
169.09932796482647
169.09932796482647
169.33701223111422
169.33701223111422
168.8603902548141
169.3363855092519
169.3363855092519
168.85976353295177
168.85976353295177
169.0180108031895
168.54138882688937
168.54138882688937
169.01738408132715
169.01738408132715
168.54076210502706
168.8578833673648
168.8578833673648
168.38126139106467
168.6983826534024
168.6983826534024
168.2217606771023
168.2217606771023
168.6977559315401
168.22113395523996
168.22113395523996
168.53825521757773
168.53825521757773
168.0616332412776
168.37875450361537
168.37875450361537
167.90213252731525
167.90213252731525
168.37812778175305
167.90150580545293
167.90150580545293
168.3775010598907
168.3775010598907
167.9008790835906
168.21800034592835
168.21800034592835
167.74137836962822
167.74137836962822
168.05849963196596
167.58187765566586
167.58187765566586
168.05787291010364
168.05787291010364
167.58125093380352
168.05724618824132
168.05724618824132
167.5806242119412
167.5806242119412
167.89774547427896
167.34168650192882
167.34168650192882
167.73824476031658
167.73824476031658
167.18218578796643
167.41987005425418
167.41987005425418
166.86381108190403
166.86381108190403
166.94262135609173
166.3071253876916
166.78327732259496
166.78327732259496
165.59156570137907
165.59156570137907
165.67037597556677
165.67037597556677
164.5582580308665
165.0342532853043
165.0342532853043
163.92213534060403
163.92213534060403
164.08038261084172
163.52432363849158
163.52432363849158
163.76200790477932
163.76200790477932
163.12651193637916
163.28475920661688
163.28475920661688
162.72870023426674
162.72870023426674
162.8075105084544
162.2514515361043
162.2514515361043
162.489135802392
162.489135802392
161.9330768300419
162.32963508842965
162.32963508842965
161.69413912002952
161.69413912002952
161.8523863902672
161.29632741791707
161.29632741791707
161.5340116842048
161.5340116842048
160.97795271185467
161.2156369781424
161.2156369781424
160.65957800579227
160.65957800579227
161.05613626418005
160.5000772918299
160.5000772918299
160.73776155811763
160.73776155811763
160.1817025857675
160.41938685205523
160.41938685205523
159.86332787970508
159.86332787970508
160.10101214599283
159.46551617759266
159.46551617759266
159.62376344783038
158.98826747943022
158.98826747943022
159.14651474966794
159.14651474966794
158.5904557773178
158.66926605150547
158.66926605150547
158.03377008310534
158.03377008310534
158.19201735334303
157.5565213849429
157.5565213849429
157.7147686551806
157.7147686551806
157.07927268678043
157.0786459649181
157.0786459649181
156.44314999651797
156.44314999651797
156.44252327465563
155.8070273062555
155.8070273062555
155.80640058439315
155.80640058439315
155.25034161204303
154.85268659039616
154.85268659039616
155.17027789413066
155.17027789413066
155.0107771801683
154.53415520386818
154.53415520386818
154.6924024741059
154.6924024741059
154.21546713687462
154.21546713687462
154.6917757522436
154.6917757522436
154.2148404150123
154.69114903038124
154.69114903038124
154.21421369314996
154.21421369314996
154.69052230851892
154.21358697128764
154.21358697128764
154.68989558665658
154.68989558665658
154.2129602494253
154.68926886479426
154.68926886479426
154.21233352756298
154.21233352756298
154.68858991611006
154.68858991611006
155.00576340526968
155.00576340526968
154.52914142896958
155.00513668340736
155.00513668340736
154.4490777110572
154.4490777110572
154.68676197734496
154.21014000104483
154.21014000104483
154.6861352554826
154.6861352554826
154.20951327918252
154.6855085336203
154.6855085336203
154.20888655732017
154.20888655732017
154.3671338275579
153.89051185125777
153.89051185125777
154.20763311359553
154.20763311359553
153.57213714519537
153.7303844154331
153.7303844154331
153.09488844703293
152.5649428856131
152.5649428856131
153.25313571727065
152.4584523958393
151.90239342348914
151.90239342348914
151.98120369767685
151.4251447253267
151.4251447253267
151.66282899161445
151.66282899161445
151.18620701531432
151.34445428555202
151.34445428555202
150.8678323092519
151.18495357158966
151.18495357158966
150.70833159528954
150.70833159528954
150.86657886552726
150.86657886552726
150.38964352829598
150.38964352829598
150.8659521436649
150.8659521436649
150.38901680643363
150.8653254218026
150.8653254218026
150.3883900845713
150.3883900845713
150.86469869994028
150.387763362709
150.387763362709
150.86407197807793
150.86407197807793
150.22826264874664
150.8634452562156
150.8634452562156
150.2276359268843
150.86281853435327
150.86281853435327
150.22700920502197
150.22700920502197
150.86219181249095
150.22638248315963
150.22638248315963
150.86156509062863
150.86156509062863
150.2257557612973
150.8609383687663
150.8609383687663
150.225129039435
150.225129039435
150.86031164690397
150.86031164690397
150.27740808811748
150.27740808811748
150.5416235799104
150.5416235799104
149.98556460756026
150.223248873848
150.223248873848
149.66718990149786
149.90487416778558
149.90487416778558
149.34881519543546
149.34881519543546
149.58649946172318
149.03044048937306
149.03044048937306
149.26812475566078
149.26812475566078
148.71206578331066
148.94975004959838
148.94975004959838
148.47312807329826
148.47312807329826
148.63137534353598
148.15475336723586
148.15475336723586
148.63074862167366
148.63074862167366
148.15412664537354
148.63012189981131
148.63012189981131
148.15349992351122
148.15349992351122
148.629495177949
148.15287320164887
148.15287320164887
148.62886845608665
148.62886845608665
148.15224647978656
148.62824173422433
148.62824173422433
148.1516197579242
148.1516197579242
148.627615012362
148.1509930360619
148.1509930360619
148.46811429839966
148.46811429839966
147.9120553260495
148.30861358443727
148.30861358443727
147.75255461208712
147.75255461208712
147.83136488627483
147.1958689178747
147.1958689178747
147.19524219601234
146.6391832236622
146.6391832236622
146.55927618621544
146.87686748994994
146.87686748994994
146.3996187917875
146.3996187917875
146.3996187917875
146.3996187917875
146.08124408572507
146.08124408572507
146.08124408572507
146.00118036781276
146.00118036781276
146.00118036781276
145.84167965385038
145.84167965385038
145.84167965385038
145.84167965385038
145.68217893988802
145.68217893988802
145.68217893988802
145.60211522197568
145.60211522197568
145.60211522197568
145.28389719637886
145.28389719637886
145.28389719637886
145.28389719637886
145.28389719637886
145.28389719637886
145.28389719637886
145.28389719637886
145.28389719637886
145.28389719637886
145.28389719637886
145.28389719637886
145.28389719637886
