91.7869190280975
92.02460329438522
91.62710495320397
92.34167232990112
93.29428956063902
92.49950178556394
96.4708293198463
96.15266352107133
98.69402067280964
99.32930773392235
100.28192496466025
100.20191347356976
101.86972480286715
103.29901623672704
103.77516817163041
107.58767394063459
107.26945591503778
108.85767356781955
108.69838176114463
109.81029079855746
109.57140531536695
112.98656942365544
112.9860993822587
116.79860515126289
116.00376514936595
118.22753099736974
119.65692688487336
122.51613647445544
122.03909668358045
123.78624055528412
124.57998379392198
125.21500972092541
126.96210136580723
126.64393556703226
127.91471859654513
128.54958784308295
129.50225730064273
130.13743990811173
131.40780512304968
130.8514327897684
132.2012350007564
132.99513491985985
134.26591794937272
135.21853518011062
136.17120463767037
136.80638724513938
138.07675246007736
137.52038012679606
139.98230028248435
139.42592794920304
141.8878481048913
141.33147577161003
142.68112130213245
143.79303033954528
144.42789958608307
145.0628210594428
144.74460303384598
145.37989009495868
145.69701135729642
145.5377195506215
146.0137148050593
146.649001866172
146.64842737113153
146.96570531393485
148.23591384840728
147.67985487605714
147.99697613839487
148.87015637308278
149.18727763542051
148.6312186630704
148.94833992540813
149.82152016009601
150.13864142243375
149.58258245008363
150.45571045794966
150.77288394710928
151.4080143277564
152.0429358011161
152.67811840858508
153.3132487892322
154.26586601997013
154.18585452887964
154.90031745193306
155.53560451304577
156.17047375958361
156.80539523294328
156.48717720734646
157.12246426845917
157.20132676946872
157.75675901995655
158.07388028229428
157.59725830599416
157.59663158413184
158.07262683856965
158.0720001167073
157.59490809901044
158.07132116802313
158.38844243036087
158.0702766315859
158.70514587812374
159.34043293923645
159.57816943234604
159.81601037909934
161.56310202398117
161.56268420940629
162.03867946384406
163.1505885012569
163.78545774779474
163.30841795691973
164.73750048349217
164.18144151114205
164.4985627734798
165.37174300816767
164.8946509904708
165.3710640594835
165.21161557234296
165.68761082678077
166.00473208911853
165.5281101128184
165.5274833909561
165.52701334955933
166.3205999077316
165.84350789003474
166.31992095904744
166.1606291523725
166.63662440681028
166.794871677048
167.90678071446084
167.82676922337035
168.38235815432375
169.49384937716167
170.1291364382744
170.76400568481222
170.76358787023736
171.23958312467514
171.7159961936878
172.03311745602554
172.35029094518518
171.8731989274883
172.40256999386764
172.19016350936047
172.98390674799833
172.98328002613601
172.5066580498359
173.0355590748185
173.29977456661143
173.61689582894917
173.14027385264907
173.3779581189368
174.2511383536247
174.56825961596243
174.0122006436123
174.32932190595005
174.56716285270335
175.83737138717578
175.20187541877561
175.59843367716337
176.47161391185125
175.9945218941544
176.52389296053374
176.31148647602657
177.10522971466443
177.1046029928021
176.62751097510525
177.10392404411792
177.42109753327753
177.7382187956153
177.18215982326515
177.4992810856029
178.05466110926884
177.8953693025939
178.3717823716066
178.2123338844661
179.00607712310395
179.3231983854417
178.76713941309157
179.0842606754293
179.95738868329533
179.7980968766204
180.2740921310582
180.90937919217092
181.54424843870873
181.2260826399338
181.8613697010465
181.94023220205605
182.81336020992208
182.65406840324715
182.97118966558492
183.44760273459758
183.28815424745707
184.08189748609493
184.3990187484327
183.84295977608255
184.16008103842032
184.23904799307357
184.55616925541133
185.032582324424
184.79369684123347
185.66687707592138
185.9839983382591
185.42793936590897
185.74506062824673
185.8240275829
186.14114884523775
186.61756191425042
186.45811342710994
186.45764338571317
187.25122994388545
186.77460796758535
186.773981245723
187.24992427333893
187.56709776249855
187.09047578619843
187.0898490643361
187.5658443187739
187.56521759691157
187.08859562061144
187.08796889874912
187.56396415318693
187.56333743132458
187.08671545502446
187.08608873316214
187.56208398759992
187.5614572657376
187.56083054387528
187.08420856757516
187.08358184571284
187.55957710015062
187.5589503782883
187.08232840198818
186.76395369592578
187.0810749582635
186.92157424430115
186.365515271951
186.12657756193863
186.4436988242764
186.125324118214
185.56926514586385
185.40976443190146
185.6474486981892
185.48794798422685
185.01132600792673
184.85182529396437
185.32782054840214
185.32719382653983
184.8505718502397
184.77050813232736
185.00819239861508
185.00756567675276
184.53094370045264
184.53031697859032
185.0063122330281
185.00568551116578
184.52906353486566
184.52843681300334
185.00443206744112
184.84493135347876
184.2888723811286
184.12937166716625
184.367055933454
184.04868122739157
183.49262225504145
183.25368454502905
183.41193181526677
183.2524311013044
182.7758091250043
182.61630841104193
183.0923036654797
182.7739289594173
182.29730698311718
182.29668026125486
182.21661654334252
182.45430080963024
182.45367408776792
181.9770521114678
181.97642538960548
182.45242064404326
182.13404593798086
181.65742396168073
181.65679723981842
182.1327924942562
181.8144177881938
181.33779581189367
181.25773209398133
181.49541636026908
181.49478963840673
180.93873066605659
180.6997929560442
181.175788210482
181.01628749651962
180.4602285241695
180.38016480625714
180.85616006069495
180.8555333388326
180.3789113625325
180.37828464067016
180.85427989510796
180.85365317324562
180.21815720484548
180.0586564908831
180.5346517453209
180.53402502345858
180.05740304715846
180.05677632529614
180.37389758763388
180.21439687367152
179.7377748973714
179.57827418340904
179.89539544574677
179.7358947317844
179.17983575943427
179.09977204152193
179.25801931175965
179.2573925898973
178.78077061359718
178.78014389173487
178.9383911619726
178.93776444011024
179.254885702448
178.69882673009786
178.77763700428557
179.25363225872334
179.25300553686102
178.7763835605609
178.61688284659854
178.93400410893628
178.77450339497392
178.21844442262378
177.9795067126114
178.29662797494916
178.13712726098677
177.58106828863663
177.5010045707243
177.9769998251621
177.97637310329975
177.49975112699963
177.4991244051373
177.9751196595751
177.9744929377128
177.49787096141267
177.7355552277004
178.29098747818819
178.29036075632587
177.81373878002574
177.7336750621134
177.97135932840115
177.97073260653883
102.50558635902034
102.50495963715801
177.49285718651404
177.17448248045164
102.50370619343336
102.50307947157103
176.21998508412673
175.7427363859643
102.50182602784638
102.50119930598404
174.94711298173945
174.7876122677771
102.4999458622594
102.49931914039706
174.6274848319524
174.46798411799003
102.49806569667241
102.49743897481008
173.99010869796524
174.46610395240305
102.49618553108543
102.4955588092231
173.6704805481782
174.14647580261598
102.49430536549845
102.49367864363612
173.35085239839114
173.82684765282892
102.49242519991147
102.49179847804913
173.34897223280416
102.96732369109019
173.82434076537962
173.3477187890795
173.34709206721718
173.82308732165495
173.82246059979263
173.3458386234925
173.3452119016302
173.82120715606797
173.82058043420565
173.34395845790553
173.34333173604318
173.819326990481
173.81870026861867
173.34207829231855
173.10314058230617
173.49969884069392
173.4990721188316
172.94301314648146
172.86294942856912
173.18007069090686
173.17944396904454
172.70282199274442
172.7021952708821
173.1781905253199
172.85981581925748
172.38319384295738
172.30313012504502
172.54081439133276
172.38131367737037
171.90469170107025
171.7451909871079
172.2211862415457
172.06168552758334
171.90218481362095
171.42556283732085
171.4249361154585
172.21867935409637
172.21805263223405
171.74143065593393
171.7408039340716
172.2167991885094
172.21617246664707
171.73955049034694
171.73892376848463
171.7384537270879
172.53204028526017
172.05541830896004
172.05479158709772
172.5307868415355
172.53016011967318
172.05353814337306
172.05291142151074
172.52890667594852
172.5282799540862
172.05165797778608
172.05103125592376
172.52702651036154
172.52639978849922
172.0497778121991
172.04915109033678
172.3662723526745
172.20677163871215
171.73014966241203
171.7295229405497
172.20551819498752
172.04601748102513
171.489958508675
171.2510207986626
171.56814206100037
171.24976735493794
170.69370838258783
170.29589668047538
170.61301794281314
170.29464323675074
169.81802126045062
169.57908355043824
169.97564180882603
169.97501508696368
169.81551437300132
169.25945540065118
169.17939168273884
169.65538693717662
169.33701223111422
168.8603902548141
168.85976353295177
169.0180108031895
169.01738408132715
168.54076210502706
168.38126139106467
168.6983826534024
168.6977559315401
168.22113395523996
168.0616332412776
168.37875450361537
168.37812778175305
167.90150580545293
167.9008790835906
168.21800034592835
168.05849963196596
167.58187765566586
167.58125093380352
168.05724618824132
167.89774547427896
167.34168650192882
167.18218578796643
167.41987005425418
166.94262135609173
166.78327732259496
165.59156570137907
165.67037597556677
165.0342532853043
163.92213534060403
163.52432363849158
163.76200790477932
163.28475920661688
162.72870023426674
162.2514515361043
162.489135802392
162.32963508842965
161.69413912002952
161.29632741791707
161.5340116842048
161.2156369781424
160.65957800579227
160.5000772918299
160.73776155811763
160.41938685205523
159.86332787970508
159.46551617759266
158.98826747943022
159.14651474966794
158.66926605150547
158.03377008310534
157.5565213849429
157.7147686551806
157.0786459649181
156.44314999651797
155.8070273062555
155.80640058439315
154.85268659039616
155.17027789413066
154.53415520386818
154.6924024741059
154.21546713687462
154.2148404150123
154.69114903038124
154.69052230851892
154.21358697128764
154.2129602494253
154.68926886479426
154.68858991611006
155.00576340526968
154.52914142896958
154.4490777110572
154.68676197734496
154.6861352554826
154.20951327918252
154.20888655732017
154.3671338275579
154.20763311359553
153.57213714519537
153.09488844703293
153.25313571727065
151.90239342348914
151.98120369767685
151.66282899161445
151.18620701531432
150.8678323092519
151.18495357158966
150.86657886552726
150.38964352829598
150.8659521436649
150.8653254218026
150.3883900845713
150.387763362709
150.86407197807793
150.8634452562156
150.86281853435327
150.22700920502197
150.22638248315963
150.86156509062863
150.8609383687663
150.225129039435
150.86031164690397
150.27740808811748
149.98556460756026
149.66718990149786
149.90487416778558
149.58649946172318
149.03044048937306
148.71206578331066
148.94975004959838
148.63137534353598
148.15475336723586
148.15412664537354
148.63012189981131
148.629495177949
148.15287320164887
148.15224647978656
148.62824173422433
148.627615012362
148.1509930360619
147.9120553260495
148.30861358443727
147.83136488627483
147.1958689178747
146.6391832236622
146.87686748994994
146.3996187917875
146.3996187917875
146.08124408572507
146.00118036781276
145.84167965385038
145.84167965385038
145.68217893988802
145.60211522197568
145.28389719637886
145.28389719637886
145.28389719637886
145.28389719637886
145.28389719637886
145.28389719637886
145.28389719637886
145.28389719637886
145.28389719637886
145.28389719637886
145.28389719637886
145.28389719637886
145.28389719637886
145.28389719637886
145.28389719637886
145.28389719637886
145.28389719637886
145.28389719637886
145.28389719637886
145.28389719637886
145.28389719637886
145.28389719637886
145.28389719637886
145.28389719637886
145.28389719637886
145.28389719637886
145.28389719637886
145.28389719637886
145.28389719637886
145.28389719637886
145.28389719637886
145.28389719637886
145.28389719637886
145.28389719637886
145.28389719637886
145.28389719637886
145.28389719637886
145.28389719637886
145.28389719637886
145.28389719637886
145.28389719637886
145.28389719637886
145.28389719637886
145.28389719637886
145.28389719637886
145.28389719637886
145.28389719637886
145.28389719637886
145.28389719637886
145.28389719637886
145.28389719637886
145.28389719637886
145.28389719637886
145.28389719637886
145.28389719637886
145.28389719637886
145.28389719637886
145.28389719637886
145.28389719637886
145.28389719637886
145.28389719637886
145.28389719637886
145.28389719637886
145.28389719637886
145.28389719637886
145.28389719637886
145.28389719637886
145.28389719637886
145.28389719637886
145.28389719637886
145.28389719637886
145.28389719637886
145.28389719637886
145.28389719637886
145.28389719637886
145.28389719637886
145.28389719637886
145.28389719637886
145.28389719637886
145.28389719637886
145.28389719637886
145.28389719637886
145.28389719637886
145.28389719637886
145.28389719637886
145.28389719637886
145.28389719637886
145.28389719637886
145.28389719637886
145.28389719637886
145.28389719637886
145.28389719637886
145.28389719637886
145.28389719637886
145.28389719637886
145.28389719637886
145.28389719637886
145.28389719637886
145.28389719637886
145.28389719637886
145.28389719637886
145.28389719637886
145.28389719637886
145.28389719637886
145.28389719637886
145.28389719637886
145.28389719637886
145.28389719637886
145.28389719637886
145.28389719637886
145.28389719637886
145.28389719637886
145.28389719637886
145.28389719637886
145.28389719637886
145.28389719637886
145.28389719637886
145.28389719637886
145.28389719637886
145.28389719637886
145.28389719637886
145.28389719637886
145.28389719637886
145.28389719637886
145.28389719637886
145.28389719637886
145.28389719637886
145.28389719637886
145.28389719637886
145.28389719637886
145.28389719637886
145.28389719637886
145.28389719637886
145.28389719637886
145.28389719637886
145.28389719637886
145.28389719637886
145.28389719637886
145.28389719637886
145.28389719637886
145.28389719637886
145.28389719637886
145.28389719637886
145.28389719637886
145.28389719637886
145.28389719637886
145.28389719637886
145.28389719637886
145.28389719637886
145.28389719637886
145.28389719637886
145.28389719637886
145.28389719637886
145.28389719637886
145.28389719637886
145.28389719637886
145.28389719637886
145.28389719637886
145.28389719637886
145.28389719637886
145.28389719637886
145.28389719637886
145.28389719637886
145.28389719637886
145.28389719637886
145.28389719637886
145.28389719637886
145.28389719637886
145.28389719637886
145.28389719637886
145.28389719637886
145.28389719637886
145.28389719637886
145.28389719637886
145.28389719637886
145.28389719637886
145.28389719637886
145.28389719637886
145.28389719637886
145.28389719637886
145.28389719637886
145.28389719637886
145.28389719637886
145.28389719637886
145.28389719637886
145.28389719637886
145.28389719637886
145.28389719637886
145.28389719637886
145.28389719637886
145.28389719637886
145.28389719637886
145.28389719637886
145.28389719637886
145.28389719637886
145.28389719637886
145.28389719637886
145.28389719637886
145.28389719637886
145.28389719637886
145.28389719637886
145.28389719637886
145.28389719637886
145.28389719637886
145.28389719637886
145.28389719637886
145.28389719637886
145.28389719637886
145.28389719637886
145.28389719637886
145.28389719637886
145.28389719637886
145.28389719637886
145.28389719637886
145.28389719637886
145.28389719637886
145.28389719637886
145.28389719637886
145.28389719637886
145.28389719637886
145.28389719637886
145.28389719637886
145.28389719637886
145.28389719637886
145.28389719637886
145.28389719637886
145.28389719637886
145.28389719637886
145.28389719637886
145.28389719637886
145.28389719637886
145.28389719637886
145.28389719637886
145.28389719637886
145.28389719637886
145.28389719637886
145.28389719637886
145.28389719637886
145.28389719637886
145.28389719637886
145.28389719637886
145.28389719637886
145.28389719637886
145.28389719637886
145.28389719637886
145.28389719637886
145.28389719637886
145.28389719637886
145.28389719637886
145.28389719637886
145.28389719637886
145.28389719637886
145.28389719637886
145.28389719637886
145.28389719637886
145.28389719637886
145.28389719637886
145.28389719637886
145.28389719637886
145.28389719637886
145.28389719637886
145.28389719637886
145.28389719637886
145.28389719637886
145.28389719637886
145.28389719637886
145.28389719637886
145.28389719637886
145.28389719637886
145.28389719637886
145.28389719637886
145.28389719637886
145.28389719637886
145.28389719637886
145.28389719637886
145.28389719637886
145.28389719637886
145.28389719637886
145.28389719637886
145.28389719637886
145.28389719637886
145.28389719637886
145.28389719637886
145.28389719637886
145.28389719637886
145.28389719637886
145.28389719637886
145.28389719637886
145.28389719637886
145.28389719637886
145.28389719637886
145.28389719637886
145.28389719637886
145.28389719637886
145.28389719637886
145.28389719637886
145.28389719637886
145.28389719637886
145.28389719637886
145.28389719637886
145.28389719637886
145.28389719637886
145.28389719637886
145.28389719637886
145.28389719637886
145.28389719637886
145.28389719637886
145.28389719637886
145.28389719637886
145.28389719637886
145.28389719637886
145.28389719637886
145.28389719637886
145.28389719637886
145.28389719637886
145.28389719637886
145.28389719637886
145.28389719637886
145.28389719637886
145.28389719637886
145.28389719637886
145.28389719637886
145.28389719637886
145.28389719637886
145.28389719637886
145.28389719637886
145.28389719637886
145.28389719637886
145.28389719637886
145.28389719637886
145.28389719637886
145.28389719637886
145.28389719637886
145.28389719637886
145.28389719637886
145.28389719637886
145.28389719637886
145.28389719637886
145.28389719637886
145.28389719637886
145.28389719637886
145.28389719637886
145.28389719637886
145.28389719637886
145.28389719637886
145.28389719637886
145.28389719637886
145.28389719637886
145.28389719637886
145.28389719637886
145.28389719637886
145.28389719637886
145.28389719637886
145.28389719637886
145.28389719637886
145.28389719637886
145.28389719637886
145.28389719637886
145.28389719637886
145.28389719637886
145.28389719637886
145.28389719637886
145.28389719637886
145.28389719637886
145.28389719637886
145.28389719637886
145.28389719637886
145.28389719637886
145.28389719637886
145.28389719637886
145.28389719637886
145.28389719637886
145.28389719637886
145.28389719637886
145.28389719637886
145.28389719637886
145.28389719637886
145.28389719637886
145.28389719637886
145.28389719637886
145.28389719637886
145.28389719637886
145.28389719637886
145.28389719637886
145.28389719637886
145.28389719637886
145.28389719637886
145.28389719637886
145.28389719637886
145.28389719637886
145.28389719637886
145.28389719637886
145.28389719637886
145.28389719637886
145.28389719637886
145.28389719637886
145.28389719637886
145.28389719637886
145.28389719637886
145.28389719637886
145.28389719637886
145.28389719637886
145.28389719637886
145.28389719637886
145.28389719637886
145.28389719637886
145.28389719637886
145.28389719637886
145.28389719637886
145.28389719637886
145.28389719637886
145.28389719637886
145.28389719637886
145.28389719637886
145.28389719637886
145.28389719637886
145.28389719637886
145.28389719637886
145.28389719637886
145.28389719637886
145.28389719637886
145.28389719637886
145.28389719637886
145.28389719637886
145.28389719637886
145.28389719637886
145.28389719637886
145.28389719637886
145.28389719637886
145.28389719637886
145.28389719637886
145.28389719637886
145.28389719637886
145.28389719637886
145.28389719637886
145.28389719637886
145.28389719637886
145.28389719637886
145.28389719637886
145.28389719637886
145.28389719637886
145.28389719637886
145.28389719637886
145.28389719637886
145.28389719637886
145.28389719637886
145.28389719637886
145.28389719637886
145.28389719637886
145.28389719637886
145.28389719637886
145.28389719637886
145.28389719637886
145.28389719637886
145.28389719637886
145.28389719637886
145.28389719637886
145.28389719637886
145.28389719637886
145.28389719637886
145.28389719637886
145.28389719637886
145.28389719637886
145.28389719637886
145.28389719637886
145.28389719637886
145.28389719637886
145.28389719637886
145.28389719637886
145.28389719637886
145.28389719637886
145.28389719637886
145.28389719637886
145.28389719637886
145.28389719637886
145.28389719637886
145.28389719637886
145.28389719637886
145.28389719637886
145.28389719637886
145.28389719637886
145.28389719637886
145.28389719637886
145.28389719637886
145.28389719637886
145.28389719637886
145.28389719637886
145.28389719637886
145.28389719637886
145.28389719637886
145.28389719637886
145.28389719637886
145.28389719637886
145.28389719637886
145.28389719637886
145.28389719637886
145.28389719637886
145.28389719637886
145.28389719637886
145.28389719637886
145.28389719637886
145.28389719637886
145.28389719637886
145.28389719637886
145.28389719637886
145.28389719637886
145.28389719637886
145.28389719637886
145.28389719637886
145.28389719637886
145.28389719637886
145.28389719637886
145.28389719637886
145.28389719637886
145.28389719637886
145.28389719637886
145.28389719637886
145.28389719637886
145.28389719637886
145.28389719637886
145.28389719637886
145.28389719637886
145.28389719637886
145.28389719637886
145.28389719637886
145.28389719637886
145.28389719637886
145.28389719637886
145.28389719637886
145.28389719637886
145.28389719637886
145.28389719637886
145.28389719637886
145.28389719637886
145.28389719637886
145.28389719637886
145.28389719637886
145.28389719637886
145.28389719637886
145.28389719637886
145.28389719637886
145.28389719637886
145.28389719637886
145.28389719637886
145.28389719637886
145.28389719637886
145.28389719637886
145.28389719637886
145.28389719637886
145.28389719637886
145.28389719637886
145.28389719637886
145.28389719637886
145.28389719637886
145.28389719637886
145.28389719637886
145.28389719637886
145.28389719637886
145.28389719637886
145.28389719637886
145.28389719637886
145.28389719637886
145.28389719637886
145.28389719637886
145.28389719637886
145.28389719637886
145.28389719637886
145.28389719637886
145.28389719637886
145.28389719637886
145.28389719637886
145.28389719637886
145.28389719637886
145.28389719637886
145.28389719637886
145.28389719637886
145.28389719637886
145.28389719637886
145.28389719637886
145.28389719637886
145.28389719637886
145.28389719637886
145.28389719637886
145.28389719637886
145.28389719637886
145.28389719637886
145.28389719637886
145.28389719637886
145.28389719637886
145.28389719637886
145.28389719637886
145.28389719637886
145.28389719637886
145.28389719637886
145.28389719637886
145.28389719637886
145.28389719637886
145.28389719637886
145.28389719637886
145.28389719637886
145.28389719637886
145.28389719637886
145.28389719637886
145.28389719637886
145.28389719637886
145.28389719637886
145.28389719637886
145.28389719637886
145.28389719637886
145.28389719637886
145.28389719637886
145.28389719637886
145.28389719637886
145.28389719637886
145.28389719637886
145.28389719637886
145.28389719637886
145.28389719637886
145.28389719637886
145.28389719637886
145.28389719637886
145.28389719637886
145.28389719637886
145.28389719637886
145.28389719637886
145.28389719637886
145.28389719637886
145.28389719637886
145.28389719637886
145.28389719637886
145.28389719637886
145.28389719637886
145.28389719637886
145.28389719637886
145.28389719637886
145.28389719637886
145.28389719637886
145.28389719637886
145.28389719637886
145.28389719637886
145.28389719637886
145.28389719637886
145.28389719637886
145.28389719637886
145.28389719637886
145.28389719637886
145.28389719637886
145.28389719637886
145.28389719637886
145.28389719637886
145.28389719637886
145.28389719637886
145.28389719637886
145.28389719637886
145.28389719637886
145.28389719637886
145.28389719637886
145.28389719637886
145.28389719637886
145.28389719637886
145.28389719637886
145.28389719637886
145.28389719637886
145.28389719637886
145.28389719637886
145.28389719637886
145.28389719637886
145.28389719637886
145.28389719637886
145.28389719637886
145.28389719637886
145.28389719637886
145.28389719637886
145.28389719637886
145.28389719637886
145.28389719637886
145.28389719637886
145.28389719637886
145.28389719637886
145.28389719637886
145.28389719637886
145.28389719637886
145.28389719637886
145.28389719637886
145.28389719637886
145.28389719637886
145.28389719637886
145.28389719637886
145.28389719637886
145.28389719637886
145.28389719637886
145.28389719637886
145.28389719637886
145.28389719637886
145.28389719637886
145.28389719637886
145.28389719637886
145.28389719637886
145.28389719637886
145.28389719637886
145.28389719637886
145.28389719637886
145.28389719637886
145.28389719637886
145.28389719637886
145.28389719637886
145.28389719637886
145.28389719637886
145.28389719637886
145.28389719637886
145.28389719637886
145.28389719637886
145.28389719637886
145.28389719637886
145.28389719637886
145.28389719637886
145.28389719637886
145.28389719637886
145.28389719637886
145.28389719637886
145.28389719637886
145.28389719637886
145.28389719637886
145.28389719637886
145.28389719637886
145.28389719637886
145.28389719637886
145.28389719637886
145.28389719637886
145.28389719637886
145.28389719637886
145.28389719637886
145.28389719637886
145.28389719637886
145.28389719637886
145.28389719637886
145.28389719637886
145.28389719637886
145.28389719637886
145.28389719637886
145.28389719637886
145.28389719637886
145.28389719637886
145.28389719637886
145.28389719637886
145.28389719637886
145.28389719637886
145.28389719637886
145.28389719637886
145.28389719637886
145.28389719637886
145.28389719637886
145.28389719637886
145.28389719637886
145.28389719637886
145.28389719637886
145.28389719637886
145.28389719637886
145.28389719637886
145.28389719637886
145.28389719637886
145.28389719637886
145.28389719637886
145.28389719637886
145.28389719637886
145.28389719637886
145.28389719637886
145.28389719637886
145.28389719637886
145.28389719637886
145.28389719637886
145.28389719637886
145.28389719637886
145.28389719637886
145.28389719637886
145.28389719637886
145.28389719637886
145.28389719637886
145.28389719637886
145.28389719637886
145.28389719637886
145.28389719637886
145.28389719637886
145.28389719637886
145.28389719637886
145.28389719637886
145.28389719637886
145.28389719637886
145.28389719637886
145.28389719637886
145.28389719637886
145.28389719637886
145.28389719637886
145.28389719637886
145.28389719637886
145.28389719637886
145.28389719637886
145.28389719637886
145.28389719637886
145.28389719637886
145.28389719637886
145.28389719637886
145.28389719637886
145.28389719637886
145.28389719637886
145.28389719637886
145.28389719637886
145.28389719637886
145.28389719637886
145.28389719637886
145.28389719637886
145.28389719637886
145.28389719637886
145.28389719637886
145.28389719637886
145.28389719637886
145.28389719637886
145.28389719637886
145.28389719637886
145.28389719637886
145.28389719637886
145.28389719637886
145.28389719637886
145.28389719637886
145.28389719637886
145.28389719637886
145.28389719637886
145.28389719637886
145.28389719637886
145.28389719637886
145.28389719637886
145.28389719637886
145.28389719637886
145.28389719637886
145.28389719637886
145.28389719637886
145.28389719637886
145.28389719637886
145.28389719637886
145.28389719637886
145.28389719637886
145.28389719637886
145.28389719637886
145.28389719637886
145.28389719637886
145.28389719637886
145.28389719637886
145.28389719637886
145.28389719637886
145.28389719637886
145.28389719637886
145.28389719637886
145.28389719637886
145.28389719637886
145.28389719637886
145.28389719637886
145.28389719637886
145.28389719637886
145.28389719637886
145.28389719637886
145.28389719637886
145.28389719637886
145.28389719637886
145.28389719637886
145.28389719637886
145.28389719637886
145.28389719637886
145.28389719637886
145.28389719637886
145.28389719637886
145.28389719637886
145.28389719637886
145.28389719637886
145.28389719637886
145.28389719637886
145.28389719637886
145.28389719637886
145.28389719637886
145.28389719637886
145.28389719637886
145.28389719637886
145.28389719637886
145.28389719637886
145.28389719637886
145.28389719637886
145.28389719637886
145.28389719637886
145.28389719637886
145.28389719637886
145.28389719637886
145.28389719637886
145.28389719637886
145.28389719637886
145.28389719637886
145.28389719637886
145.28389719637886
145.28389719637886
145.28389719637886
145.28389719637886
145.28389719637886
145.28389719637886
145.28389719637886
145.28389719637886
145.28389719637886
145.28389719637886
145.28389719637886
145.28389719637886
145.28389719637886
145.28389719637886
145.28389719637886
145.28389719637886
145.28389719637886
145.28389719637886
145.28389719637886
145.28389719637886
145.28389719637886
145.28389719637886
145.28389719637886
145.28389719637886
145.28389719637886
145.28389719637886
145.28389719637886
145.28389719637886
145.28389719637886
145.28389719637886
145.28389719637886
145.28389719637886
145.28389719637886
145.28389719637886
145.28389719637886
145.28389719637886
145.28389719637886
145.28389719637886
145.28389719637886
145.28389719637886
145.28389719637886
145.28389719637886
145.28389719637886
145.28389719637886
145.28389719637886
145.28389719637886
145.28389719637886
145.28389719637886
145.28389719637886
145.28389719637886
145.28389719637886
145.28389719637886
145.28389719637886
145.28389719637886
145.28389719637886
145.28389719637886
145.28389719637886
145.28389719637886
145.28389719637886
145.28389719637886
145.28389719637886
145.28389719637886
145.28389719637886
145.28389719637886
145.28389719637886
145.28389719637886
145.28389719637886
145.28389719637886
145.28389719637886
145.28389719637886
145.28389719637886
145.28389719637886
145.28389719637886
145.28389719637886
145.28389719637886
145.28389719637886
145.28389719637886
145.28389719637886
145.28389719637886
145.28389719637886
145.28389719637886
145.28389719637886
145.28389719637886
145.28389719637886
145.28389719637886
145.28389719637886
145.28389719637886
145.28389719637886
145.28389719637886
145.28389719637886
145.28389719637886
145.28389719637886
145.28389719637886
145.28389719637886
145.28389719637886
145.28389719637886
145.28389719637886
145.28389719637886
145.28389719637886
145.28389719637886
145.28389719637886
145.28389719637886
145.28389719637886
145.28389719637886
145.28389719637886
145.28389719637886
145.28389719637886
145.28389719637886
145.28389719637886
145.28389719637886
145.28389719637886
145.28389719637886
145.28389719637886
145.28389719637886
145.28389719637886
145.28389719637886
145.28389719637886
145.28389719637886
145.28389719637886
145.28389719637886
145.28389719637886
145.28389719637886
145.28389719637886
145.28389719637886
145.28389719637886
145.28389719637886
145.28389719637886
145.28389719637886
145.28389719637886
145.28389719637886
145.28389719637886
145.28389719637886
145.28389719637886
145.28389719637886
145.28389719637886
145.28389719637886
145.28389719637886
145.28389719637886
145.28389719637886
145.28389719637886
145.28389719637886
145.28389719637886
145.28389719637886
145.28389719637886
145.28389719637886
145.28389719637886
145.28389719637886
145.28389719637886
145.28389719637886
145.28389719637886
145.28389719637886
145.28389719637886
145.28389719637886
145.28389719637886
145.28389719637886
145.28389719637886
145.28389719637886
145.28389719637886
145.28389719637886
145.28389719637886
145.28389719637886
145.28389719637886
145.28389719637886
145.28389719637886
145.28389719637886
145.28389719637886
145.28389719637886
145.28389719637886
145.28389719637886
145.28389719637886
145.28389719637886
145.28389719637886
145.28389719637886
145.28389719637886
145.28389719637886
145.28389719637886
145.28389719637886
145.28389719637886
145.28389719637886
145.28389719637886
145.28389719637886
145.28389719637886
145.28389719637886
145.28389719637886
145.28389719637886
145.28389719637886
145.28389719637886
145.28389719637886
145.28389719637886
145.28389719637886
145.28389719637886
145.28389719637886
145.28389719637886
145.28389719637886
145.28389719637886
145.28389719637886
145.28389719637886
145.28389719637886
145.28389719637886
145.28389719637886
145.28389719637886
145.28389719637886
145.28389719637886
145.28389719637886
145.28389719637886
145.28389719637886
145.28389719637886
145.28389719637886
145.28389719637886
145.28389719637886
145.28389719637886
145.28389719637886
145.28389719637886
145.28389719637886
145.28389719637886
145.28389719637886
145.28389719637886
145.28389719637886
145.28389719637886
145.28389719637886
145.28389719637886
145.28389719637886
145.28389719637886
145.28389719637886
145.28389719637886
145.28389719637886
145.28389719637886
145.28389719637886
145.28389719637886
145.28389719637886
145.28389719637886
145.28389719637886
145.28389719637886
145.28389719637886
145.28389719637886
145.28389719637886
145.28389719637886
145.28389719637886
145.28389719637886
145.28389719637886
145.28389719637886
145.28389719637886
145.28389719637886
145.28389719637886
145.28389719637886
145.28389719637886
145.28389719637886
145.28389719637886
145.28389719637886
145.28389719637886
145.28389719637886
145.28389719637886
145.28389719637886
145.28389719637886
145.28389719637886
145.28389719637886
145.28389719637886
145.28389719637886
145.28389719637886
145.28389719637886
145.28389719637886
145.28389719637886
145.28389719637886
145.28389719637886
145.28389719637886
145.28389719637886
145.28389719637886
145.28389719637886
145.28389719637886
145.28389719637886
145.28389719637886
145.28389719637886
145.28389719637886
145.28389719637886
145.28389719637886
145.28389719637886
145.28389719637886
145.28389719637886
145.28389719637886
145.28389719637886
145.28389719637886
145.28389719637886
145.28389719637886
145.28389719637886
145.28389719637886
145.28389719637886
145.28389719637886
145.28389719637886
145.28389719637886
145.28389719637886
145.28389719637886
145.28389719637886
145.28389719637886
145.28389719637886
145.28389719637886
145.28389719637886
145.28389719637886
145.28389719637886
145.28389719637886
145.28389719637886
145.28389719637886
145.28389719637886
145.28389719637886
145.28389719637886
145.28389719637886
145.28389719637886
145.28389719637886
145.28389719637886
145.28389719637886
145.28389719637886
145.28389719637886
145.28389719637886
145.28389719637886
145.28389719637886
145.28389719637886
145.28389719637886
145.28389719637886
145.28389719637886
145.28389719637886
145.28389719637886
145.28389719637886
145.28389719637886
145.28389719637886
145.28389719637886
145.28389719637886
145.28389719637886
145.28389719637886
145.28389719637886
145.28389719637886
145.28389719637886
145.28389719637886
145.28389719637886
145.28389719637886
145.28389719637886
145.28389719637886
145.28389719637886
145.28389719637886
145.28389719637886
145.28389719637886
145.28389719637886
145.28389719637886
145.28389719637886
145.28389719637886
145.28389719637886
145.28389719637886
145.28389719637886
145.28389719637886
145.28389719637886
145.28389719637886
145.28389719637886
145.28389719637886
145.28389719637886
145.28389719637886
145.28389719637886
145.28389719637886
145.28389719637886
145.28389719637886
145.28389719637886
145.28389719637886
145.28389719637886
145.28389719637886
145.28389719637886
145.28389719637886
145.28389719637886
145.28389719637886
145.28389719637886
145.28389719637886
145.28389719637886
145.28389719637886
145.28389719637886
145.28389719637886
145.28389719637886
145.28389719637886
145.28389719637886
145.28389719637886
145.28389719637886
145.28389719637886
145.28389719637886
145.28389719637886
145.28389719637886
145.28389719637886
145.28389719637886
145.28389719637886
145.28389719637886
145.28389719637886
145.28389719637886
145.28389719637886
145.28389719637886
145.28389719637886
145.28389719637886
145.28389719637886
145.28389719637886
145.28389719637886
145.28389719637886
145.28389719637886
145.28389719637886
145.28389719637886
145.28389719637886
145.28389719637886
145.28389719637886
145.28389719637886
145.28389719637886
145.28389719637886
145.28389719637886
145.28389719637886
145.28389719637886
145.28389719637886
145.28389719637886
145.28389719637886
145.28389719637886
145.28389719637886
145.28389719637886
145.28389719637886
145.28389719637886
145.28389719637886
145.28389719637886
145.28389719637886
145.28389719637886
145.28389719637886
145.28389719637886
145.28389719637886
145.28389719637886
145.28389719637886
145.28389719637886
145.28389719637886
145.28389719637886
145.28389719637886
145.28389719637886
145.28389719637886
145.28389719637886
145.28389719637886
145.28389719637886
145.28389719637886
145.28389719637886
145.28389719637886
145.28389719637886
145.28389719637886
145.28389719637886
145.28389719637886
145.28389719637886
145.28389719637886
145.28389719637886
145.28389719637886
145.28389719637886
145.28389719637886
145.28389719637886
145.28389719637886
145.28389719637886
145.28389719637886
145.28389719637886
145.28389719637886
145.28389719637886
145.28389719637886
145.28389719637886
145.28389719637886
145.28389719637886
145.28389719637886
145.28389719637886
145.28389719637886
145.28389719637886
145.28389719637886
145.28389719637886
145.28389719637886
145.28389719637886
145.28389719637886
145.28389719637886
145.28389719637886
145.28389719637886
145.28389719637886
145.28389719637886
145.28389719637886
145.28389719637886
145.28389719637886
145.28389719637886
145.28389719637886
145.28389719637886
145.28389719637886
145.28389719637886
145.28389719637886
145.28389719637886
145.28389719637886
145.28389719637886
145.28389719637886
145.28389719637886
145.28389719637886
145.28389719637886
145.28389719637886
145.28389719637886
145.28389719637886
145.28389719637886
145.28389719637886
145.28389719637886
145.28389719637886
145.28389719637886
145.28389719637886
145.28389719637886
145.28389719637886
145.28389719637886
145.28389719637886
145.28389719637886
145.28389719637886
145.28389719637886
145.28389719637886
145.28389719637886
145.28389719637886
145.28389719637886
145.28389719637886
145.28389719637886
145.28389719637886
145.28389719637886
